Time: 2459214.9
Earth: (-1.754388146172777E-01,9.746833297341465E-01,5.887240751783555E-05)
Moon: (-1.765198314300658E-01,9.770405480026660E-01,1.954461691774774E-04)
Jupiter: (3.031250844135190E+00,-4.085073313290786E+00,-5.087071789243780E-02)
Neptune: (2.945358676754011E+01,-5.227714696709961E+00,-5.711243647369795E-01)